year,fossil fuel and industry emissions,land-use change emissions,cumsum,avg global temp,lower bound,upper bound
1850,0.054,0.687814,0.741814,-0.373,-0.591,-0.162
1851,0.054,0.691781,1.487595,-0.218,-0.429,-0.016
1852,0.057,0.696712,2.241307,-0.228,-0.434,-0.03
1853,0.059,0.7019015,3.0022085,-0.269,-0.472,-0.075
1854,0.069,0.704659,3.7758675,-0.248,-0.435,-0.072
1855,0.071,0.7067045,4.553572,-0.272,-0.455,-0.099
1856,0.076,0.710762,5.340334,-0.358,-0.541,-0.182
1857,0.077,0.717398,6.134732,-0.461,-0.636,-0.294
1858,0.078,0.7228975,6.9356295,-0.467,-0.644,-0.295
1859,0.083,0.725728,7.7443575,-0.284,-0.47,-0.106
1860,0.091,0.6964235,8.531781,-0.343,-0.531,-0.166
1861,0.095,0.687022,9.313803,-0.407,-0.613,-0.204
1862,0.097,0.682864,10.093667,-0.524,-0.737,-0.312
1863,0.104,0.6806675,10.8783345,-0.278,-0.499,-0.065
1864,0.112,0.6787235,11.669058,-0.494,-0.705,-0.293
1865,0.119,0.679261,12.467319,-0.279,-0.511,-0.062
1866,0.122,0.6757165,13.2650355,-0.251,-0.47,-0.043
1867,0.13,0.673892,14.0689275,-0.321,-0.535,-0.113
1868,0.135,0.6724925,14.87642,-0.238,-0.448,-0.038
1869,0.142,0.6727405,15.6911605,-0.262,-0.451,-0.082
1870,0.147,0.742173,16.5803335,-0.276,-0.447,-0.11
1871,0.156,0.771577,17.5079105,-0.335,-0.514,-0.157
1872,0.173,0.7914905,18.472401,-0.227,-0.397,-0.062
1873,0.184,0.8113445,19.4677455,-0.304,-0.468,-0.144
1874,0.174,0.8267165,20.468462,-0.368,-0.532,-0.209
1875,0.188,0.8417365,21.4981985,-0.395,-0.558,-0.238
1876,0.191,0.85414,22.5433385,-0.384,-0.543,-0.228
1877,0.194,0.864346,23.6016845,-0.075,-0.235,0.081
1878,0.196,0.873174,24.6708585,0.035,-0.121,0.192
1879,0.21,0.878828,25.7596865,-0.23,-0.38,-0.084
1880,0.236,0.8764685,26.872155,-0.227,-0.38,-0.076
1881,0.243,0.8904195,28.0055745,-0.2,-0.355,-0.048
1882,0.256,0.899815,29.1613895,-0.213,-0.363,-0.068
1883,0.272,0.911017,30.3444065,-0.296,-0.433,-0.16
1884,0.275,0.920028,31.5394345,-0.409,-0.545,-0.276
1885,0.277,0.9281675,32.744602,-0.389,-0.528,-0.254
1886,0.281,0.931939,33.957541,-0.367,-0.505,-0.236
1887,0.295,0.9359395,35.1884805,-0.418,-0.555,-0.289
1888,0.327,0.940356,36.4558365,-0.307,-0.442,-0.178
1889,0.327,0.946142,37.7289785,-0.171,-0.313,-0.038
1890,0.356,0.9787855,39.063764,-0.416,-0.557,-0.285
1891,0.372,1.0054295,40.4411935,-0.33,-0.476,-0.195
1892,0.374,1.0209355,41.836129,-0.455,-0.603,-0.318
1893,0.37,1.031906,43.238035,-0.473,-0.617,-0.337
1894,0.383,1.0438205,44.6648555,-0.41,-0.551,-0.272
1895,0.406,1.0544435,46.125299,-0.39,-0.531,-0.256
1896,0.419,1.0627185,47.6070175,-0.186,-0.327,-0.05
1897,0.44,1.0729945,49.120012,-0.206,-0.348,-0.071
1898,0.465,1.077679,50.662691,-0.412,-0.552,-0.277
1899,0.507,1.0812415,52.2509325,-0.289,-0.428,-0.154
1900,0.534,1.1190395,53.903972,-0.203,-0.345,-0.066
1901,0.552,1.1485325,55.6045045,-0.259,-0.404,-0.118
1902,0.566,1.16651,57.3370145,-0.402,-0.538,-0.27
1903,0.617,1.1830865,59.137101,-0.479,-0.617,-0.348
1904,0.624,1.1970615,60.9581625,-0.52,-0.657,-0.387
1905,0.663,1.2079355,62.829098,-0.377,-0.511,-0.247
1906,0.707,1.2152805,64.7513785,-0.283,-0.415,-0.152
1907,0.784,1.2260055,66.761384,-0.465,-0.596,-0.339
1908,0.75,1.228141,68.739525,-0.511,-0.64,-0.388
1909,0.785,1.2381835,70.7627085,-0.522,-0.649,-0.4
1910,0.819,1.2146625,72.796371,-0.49,-0.617,-0.368
1911,0.836,1.208042,74.840413,-0.544,-0.668,-0.424
1912,0.879,1.196944,76.916357,-0.437,-0.561,-0.32
1913,0.943,1.1903755,79.0497325,-0.424,-0.548,-0.305
1914,0.85,1.1701925,81.069925,-0.244,-0.373,-0.12
1915,0.838,1.159823,83.067748,-0.141,-0.284,-0.007
1916,0.901,1.151236,85.119984,-0.383,-0.518,-0.254
1917,0.955,1.1462675,87.2212515,-0.468,-0.61,-0.332
1918,0.936,1.14513,89.3023815,-0.333,-0.483,-0.187
1919,0.806,1.1453885,91.25377,-0.275,-0.417,-0.135
1920,0.932,1.197353,93.383123,-0.247,-0.385,-0.114
1921,0.803,1.2268835,95.4130065,-0.187,-0.314,-0.069
1922,0.845,1.250392,97.5083985,-0.302,-0.425,-0.183
1923,0.97,1.2612545,99.739653,-0.276,-0.395,-0.165
1924,0.963,1.2708055,101.9734585,-0.294,-0.417,-0.178
1925,0.975,1.2775815,104.22604,-0.215,-0.338,-0.101
1926,0.983,1.281906,106.490946,-0.108,-0.23,0.007
1927,1.062,1.2873205,108.8402665,-0.21,-0.327,-0.097
1928,1.065,1.288228,111.1934945,-0.206,-0.323,-0.096
1929,1.145,1.286164,113.6246585,-0.35,-0.468,-0.239
1930,1.053,1.3487665,116.026425,-0.137,-0.254,-0.025
1931,0.94,1.389699,118.356124,-0.087,-0.204,0.025
1932,0.847,1.4132915,120.6164155,-0.137,-0.25,-0.029
1933,0.893,1.4409935,122.950409,-0.273,-0.386,-0.166
1934,0.973,1.4604475,125.3838565,-0.131,-0.243,-0.024
1935,1.027,1.478085,127.8889415,-0.178,-0.287,-0.073
1936,1.13,1.495981,130.5149225,-0.147,-0.25,-0.046
1937,1.209,1.5062475,133.23017,-0.026,-0.128,0.072
1938,1.142,1.513218,135.885388,-0.006,-0.112,0.096
1939,1.192,1.515825,138.593213,-0.052,-0.161,0.054
1940,1.299,1.5428565,141.4350695,0.014,-0.11,0.135
1941,1.334,1.566344,144.3354135,0.02,-0.098,0.134
1942,1.342,1.561578,147.2389915,-0.027,-0.152,0.093
1943,1.391,1.5539735,150.183965,-0.004,-0.133,0.118
1944,1.383,1.5438925,153.1108575,0.144,0.019,0.264
1945,1.16,1.5325055,155.803363,0.025,-0.104,0.149
1946,1.238,1.522809,158.564172,-0.071,-0.184,0.038
1947,1.392,1.5120845,161.4682565,-0.038,-0.155,0.072
1948,1.469,1.496022,164.4332785,-0.039,-0.152,0.069
1949,1.419,1.470539,167.3228175,-0.074,-0.182,0.025
1950,1.63,1.551474,170.5042915,-0.173,-0.279,-0.075
1951,1.767,1.5986225,173.869914,-0.052,-0.155,0.049
1952,1.795,1.617154,177.282068,0.028,-0.07,0.13
1953,1.841,1.645189,180.768257,0.097,-0.004,0.198
1954,1.865,1.673788,184.307045,-0.129,-0.228,-0.031
1955,2.042,1.698647,188.047692,-0.19,-0.285,-0.093
1956,2.177,1.730973,191.955665,-0.267,-0.357,-0.174
1957,2.27,1.757792,195.983457,-0.007,-0.097,0.083
1958,2.33,1.788939,200.102396,0.046,-0.042,0.136
1959,2.45337786217562,1.8105875,204.366361362176,0.017,-0.069,0.103
1960,2.56837602419696,1.6725925,208.607329886373,-0.049,-0.134,0.036
1961,2.57972372684525,1.607579,212.794632613218,0.038,-0.047,0.124
1962,2.68509881353476,1.566764,217.046495426753,0.014,-0.071,0.1
1963,2.83271505377549,1.513809,221.393019480528,0.048,-0.04,0.136
1964,2.9938114467731,1.463909,225.850739927301,-0.223,-0.307,-0.136
1965,3.12940781166004,1.4176845,230.397832238961,-0.14,-0.227,-0.054
1966,3.28754254032245,1.376039,235.061413779284,-0.068,-0.154,0.018
1967,3.3927427335497,1.3547755,239.808932012833,-0.074,-0.158,0.011
1968,3.56535197647703,1.3537065,244.72799048931,-0.113,-0.196,-0.031
1969,3.77904676168839,1.3626985,249.869735750999,0.032,-0.051,0.115
1970,4.0518053992445,1.3222525,255.243793650243,-0.027,-0.109,0.057
1971,4.20570893886451,1.2846085,260.734111089108,-0.186,-0.267,-0.103
1972,4.37335992741096,1.247343,266.354814016519,-0.065,-0.147,0.018
1973,4.61063357787772,1.219347,272.184794594396,0.062,-0.017,0.143
1974,4.61888065241374,1.179256,277.98293124681,-0.214,-0.294,-0.132
1975,4.59215091511985,1.147874,283.72295616193,-0.149,-0.23,-0.067
1976,4.85834399985885,1.1304835,289.711783661789,-0.241,-0.323,-0.16
1977,5.00967227765469,1.1061895,295.827645439444,0.047,-0.033,0.128
1978,5.06596584400952,1.069233,301.962844283453,-0.062,-0.143,0.021
1979,5.34776987078298,1.0425105,308.353124654236,0.057,-0.022,0.136
1980,5.29151047097976,1.0857835,314.730418625216,0.092,0.01,0.173
1981,5.12748979747962,1.09571221614687,320.953620638842,0.14,0.056,0.222
1982,5.08299009055204,1.10755072307875,327.144161452473,0.011,-0.073,0.094
1983,5.06262228111556,1.14962205436063,333.356405787949,0.194,0.11,0.276
1984,5.24477785119014,1.1860191440575,339.787202783197,-0.014,-0.096,0.068
1985,5.40191644174881,1.20391692624937,346.393036151195,-0.03,-0.111,0.05
1986,5.56658011292106,1.24172793641625,353.201344200532,0.045,-0.038,0.126
1987,5.70753643317864,1.27908803619313,360.187968669904,0.192,0.109,0.275
1988,5.91733333023287,1.296568148855,367.401870148992,0.198,0.115,0.282
1989,6.04648900920961,1.32341619768188,374.771775355884,0.118,0.034,0.202
1990,6.05398672681485,1.32165560595875,382.147417688657,0.296,0.211,0.383
1991,6.12155497434383,1.33281129695562,389.601783959957,0.254,0.169,0.341
1992,6.05761602906811,1.3480321939425,397.007432182967,0.105,0.017,0.192
1993,6.04616351193971,1.34886522025438,404.402460915161,0.148,0.061,0.237
1994,6.15006358327272,1.34457729911625,411.89710179755,0.208,0.119,0.298
1995,6.27931915304765,1.33090706112813,419.507328011726,0.325,0.236,0.412
1996,6.42002704871212,1.30558519969,427.232940260128,0.183,0.091,0.27
1997,6.52710955339225,1.7800729821,435.54012279562,0.39,0.303,0.477
1998,6.54612005885204,1.22751164635,443.313754500822,0.539,0.45,0.627
1999,6.53126677623011,1.2015517391,451.046573016152,0.306,0.217,0.395
2000,6.70269953150749,1.31581477775,459.06508732541,0.294,0.206,0.386
2001,6.86080777504734,1.1778398767,467.103734977157,0.441,0.353,0.532
2002,6.95802143965997,1.3381581312,475.399914548017,0.496,0.406,0.59
2003,7.33262510386246,1.38701752975,484.11955718163,0.505,0.417,0.6
2004,7.69312198014202,1.3361430609,493.148822222672,0.447,0.358,0.539
2005,7.98441767213579,1.2139657133,502.347205608108,0.545,0.454,0.639
2006,8.2660579654993,1.2540372547,511.867300828307,0.506,0.416,0.597
2007,8.42798725324939,1.0725424216,521.367830503156,0.491,0.404,0.581
2008,8.69971501002849,1.1284436556,531.195989168785,0.395,0.308,0.483
2009,8.60347788577261,1.5734613982,541.372928452757,0.506,0.415,0.595
2010,9.02474105139308,1.41894859095,551.8166180951,0.56,0.47,0.651
2011,9.37701034937509,1.3553310907,562.548959535176,0.425,0.336,0.515
2012,9.5303735561484,1.59913924925,573.678472340574,0.47,0.381,0.561
2013,9.60913918624709,1.5421060007,584.829717527521,0.514,0.423,0.606
2014,9.69045497798678,1.6015034491,596.121675954608,0.579,0.491,0.669
2015,9.67869725342433,1.623191526,607.423564734032,0.763,0.675,0.853
2016,9.73665377710007,1.30013898832,618.460357499452,0.797,0.709,0.886
2017,9.8671565625296,1.38841793632,629.715931998302,0.676,0.587,0.769
